47
72
120
73
48
0
0
0
0
0
0
0
0
0
0
0
0
0
0
0
0
0
0
0
0
0
0
0
0
0
0
0
0
0
0
0
0
0
0
0
0
0
0
0
0
0
0
0
0
0
0
0
0
0
0
0
0
0
0
0
0
0
0
0
0
0
0
0
0
0
0
0
0
0
0
0
0
0
0
0
0
0
0
0
0
0
0
0
0
0
0
0
0
0
0
0
0
0
0
0
15
22
31
42
55
64
85
115
156
203
179
151
112
60
0
0
0
0
0
0
0
0
0
0
0
0
0
0
0
0
0
0
0
0
0
0
0
0
0
0
0
0
0
0
0
0
0
0
0
0
0
0
0
0
0
0
0
0
0
0
0
0
0
0
0
0
0
0
0
0
0
0
0
0
0
0
0
0
0
0
0
0
0
0
0
0
0
0
0
0
0
0
0
0
0
0
0
0
0
0
143
203
291
439
670
859
1198
1613
2157
2684
2352
1953
1450
758
0
0
0
0
0
0
0
0
0
0
0
0
0
0
0
0
0
0
0
0
0
0
0
0
0
0
0
0
0
0
0
0
0
0
0
0
0
0
0
0
0
0
0
0
0
0
0
0
0
0
0
0
0
0
0
0
0
0
0
0
0
0
0
0
0
0
0
0
0
0
0
0
0
0
0
0
0
0
0
0
0
0
0
0
0
0
149
230
342
540
760
949
1281
1733
2179
2716
3207
3657
3866
3950
3699
3315
2775
2189
1612
1207
762
439
252
101
0
0
0
0
0
0
0
0
0
0
0
0
0
0
0
0
0
0
0
0
0
0
0
0
0
0
0
0
0
0
0
0
0
0
0
0
0
0
0
0
0
0
0
0
0
0
0
0
0
0
0
0
0
0
0
0
0
0
0
0
0
0
0
0
0
0
0
0
0
0
0
0
0
0
0
0
149
235
359
550
819
1239
1798
2570
3479
4595
5777
6937
7895
8609
8985
9207
9292
9204
8998
8607
8075
7312
6410
5301
4119
2963
2006
1294
769
461
252
149
86
57
30
21
14
7
7
3
2
0
0
0
0
0
0
0
0
0
0
0
0
0
0
0
0
0
0
0
0
0
0
0
0
0
0
0
0
0
0
0
0
0
0
0
0
0
0
0
0
0
0
0
0
0
0
0
0
0
0
0
0
0
0
0
0
0
0
0
153
222
337
500
732
1067
1521
2201
3035
4060
5128
6241
7155
7928
8328
8617
8763
8739
8610
8332
7918
7255
6432
5414
4354
3242
2329
1558
1006
648
387
248
145
88
48
31
20
13
5
4
3
1
0
0
0
0
0
0
0
0
0
0
0
0
0
0
0
0
0
0
0
0
0
0
0
0
0
0
0
0
0
0
0
0
0
0
0
0
0
0
0
0
0
0
0
0
0
0
0
0
0
0
0
0
0
0
0
0
0
0
1468
2264
3401
5010
7069
9746
12797
15735
18493
20712
22279
23362
24035
24457
23211
22532
21465
19903
17870
15214
12175
9246
6490
4274
2707
1625
952
530
308
191
121
74
48
27
15
6
4
1
1
0
0
0
0
0
0
0
0
0
0
0
0
0
0
0
0
0
0
0
0
0
0
0
0
0
0
0
0
0
0
0
0
0
0
0
0
0
0
0
0
0
0
0
0
0
0
0
0
0
0
0
0
0
0
0
0
0
0
0
0
0
1420
2041
2899
3949
5066
6268
7392
8247
8867
9236
9391
9504
9593
9664
9718
9766
9803
9831
9851
9866
9885
9897
9903
9910
8490
7870
7015
5966
4849
3649
2526
1671
1051
682
527
415
326
255
201
153
116
88
68
53
34
22
16
9
9
8
5
4
4
2
1
1
1
1
1
0
0
0
0
0
0
0
0
0
0
0
0
0
0
0
0
0
0
0
0
0
0
0
0
0
0
0
0
0
0
0
0
0
0
0
0
0
0
0
0
0
